{
 "cells": [
  {
   "cell_type": "markdown",
   "id": "70741046",
   "metadata": {},
   "source": [
    "# Линейная алгебра"
   ]
  },
  {
   "cell_type": "markdown",
   "id": "2ddd3b06",
   "metadata": {},
   "source": [
    "Для лучшей читаемости следует отключить научную нотацию"
   ]
  },
  {
   "cell_type": "code",
   "execution_count": null,
   "id": "2951b52b",
   "metadata": {},
   "outputs": [],
   "source": [
    "import numpy as np\n",
    "np.set_printoptions(suppress=True)"
   ]
  },
  {
   "cell_type": "code",
   "execution_count": 15,
   "id": "3788df6b",
   "metadata": {},
   "outputs": [
    {
     "data": {
      "text/plain": [
       "array([[1972.    , 1973.    , 1974.    , 1975.    , 1976.    , 1977.    ,\n",
       "        1978.    , 1979.    , 1980.    ],\n",
       "       [ 737.1   ,  812.    ,  808.1   ,  976.4   , 1084.3   , 1204.4   ,\n",
       "        1346.5   , 1507.2   , 1667.2   ],\n",
       "       [1185.9   , 1326.4   , 1434.2   , 1549.2   , 1718.    , 1918.3   ,\n",
       "        2163.9   , 2417.8   , 2633.1   ],\n",
       "       [   1.    ,    1.0575,    1.1508,    1.2579,    1.3234,    1.4005,\n",
       "           1.5042,    1.6342,    1.7864],\n",
       "       [   4.5   ,    6.44  ,    7.83  ,    6.25  ,    5.5   ,    5.46  ,\n",
       "           7.46  ,   10.28  ,   11.77  ]])"
      ]
     },
     "execution_count": 15,
     "metadata": {},
     "output_type": "execute_result"
    }
   ],
   "source": [
    "import numpy as np\n",
    "np.set_printoptions(suppress=True)\n",
    "data = {\n",
    "    \"years\": [1972, 1973, 1974, 1975, 1976, 1977, 1978, 1979, 1980],\n",
    "    \"consumption\": [737.1, 812.0, 808.1, 976.4, 1084.3, 1204.4, 1346.5, 1507.2, 1667.2],\n",
    "    \"gnp\": [1185.9, 1326.4, 1434.2, 1549.2, 1718.0, 1918.3, 2163.9, 2417.8, 2633.1],\n",
    "    \"deflator\": [1.0000, 1.0575, 1.1508, 1.2579, 1.3234, 1.4005, 1.5042, 1.6342, 1.7864],\n",
    "    \"discount_rate\": [4.50, 6.44, 7.83, 6.25, 5.50, 5.46, 7.46, 10.28, 11.77]\n",
    "}\n",
    "data = np.array(list(data.values()))\n",
    "data"
   ]
  },
  {
   "cell_type": "code",
   "execution_count": 19,
   "id": "a0a27e2a",
   "metadata": {},
   "outputs": [
    {
     "data": {
      "text/plain": [
       "array([[1972.    ,  737.1   , 1185.9   ,    1.    ,    4.5   ],\n",
       "       [1973.    ,  812.    , 1326.4   ,    1.0575,    6.44  ],\n",
       "       [1974.    ,  808.1   , 1434.2   ,    1.1508,    7.83  ],\n",
       "       [1975.    ,  976.4   , 1549.2   ,    1.2579,    6.25  ],\n",
       "       [1976.    , 1084.3   , 1718.    ,    1.3234,    5.5   ],\n",
       "       [1977.    , 1204.4   , 1918.3   ,    1.4005,    5.46  ],\n",
       "       [1978.    , 1346.5   , 2163.9   ,    1.5042,    7.46  ],\n",
       "       [1979.    , 1507.2   , 2417.8   ,    1.6342,   10.28  ],\n",
       "       [1980.    , 1667.2   , 2633.1   ,    1.7864,   11.77  ]])"
      ]
     },
     "execution_count": 19,
     "metadata": {},
     "output_type": "execute_result"
    }
   ],
   "source": [
    "data.T.T.T"
   ]
  },
  {
   "cell_type": "code",
   "execution_count": 25,
   "id": "fb689981",
   "metadata": {},
   "outputs": [],
   "source": [
    "cons = data.T[:,1]\n",
    "x = data.T[:,2:]"
   ]
  },
  {
   "cell_type": "code",
   "execution_count": 26,
   "id": "870b47c9",
   "metadata": {},
   "outputs": [
    {
     "data": {
      "text/plain": [
       "array([ 737.1,  812. ,  808.1,  976.4, 1084.3, 1204.4, 1346.5, 1507.2,\n",
       "       1667.2])"
      ]
     },
     "execution_count": 26,
     "metadata": {},
     "output_type": "execute_result"
    }
   ],
   "source": [
    "cons"
   ]
  },
  {
   "cell_type": "code",
   "execution_count": 31,
   "id": "fcce996f",
   "metadata": {},
   "outputs": [
    {
     "data": {
      "text/plain": [
       "array([[31715480.6       ,    23057.84137   ,   126703.035     ],\n",
       "       [   23057.84137   ,       16.86219935,       92.155205  ],\n",
       "       [  126703.035     ,       92.155205  ,      522.0195    ]])"
      ]
     },
     "execution_count": 31,
     "metadata": {},
     "output_type": "execute_result"
    }
   ],
   "source": [
    "x.T @ x"
   ]
  },
  {
   "cell_type": "code",
   "execution_count": null,
   "id": "441df208",
   "metadata": {},
   "outputs": [],
   "source": []
  }
 ],
 "metadata": {
  "kernelspec": {
   "display_name": "Python 3 (ipykernel)",
   "language": "python",
   "name": "python3"
  },
  "language_info": {
   "codemirror_mode": {
    "name": "ipython",
    "version": 3
   },
   "file_extension": ".py",
   "mimetype": "text/x-python",
   "name": "python",
   "nbconvert_exporter": "python",
   "pygments_lexer": "ipython3",
   "version": "3.12.3"
  }
 },
 "nbformat": 4,
 "nbformat_minor": 5
}
